1971-11-11T08:33:19 -35008.8 51860.9 95591.1 2.26544 -1.93142 -1.29044
1971-11-11T10:34:55 -26635.8 44722.4 90821.7 2.26561 -1.93163 -1.29057
1971-11-11T11:36:31 -18262.1 37583.1 86051.8 2.26578 -1.93183 -1.2907
1971-11-11T12:38:07 -9887.76 30443 81281.3 2.26597 -1.93205 -1.29084
1971-11-11T13:39:43 -1512.74 23302.2 76510.4 -82.7679 -1.93222 -1.29094
1971-11-11T13:59:19 -98847.8 21029.9 74992.2 -82.7679 -1.93222 -1.29094
1971-11-11T14:41:19 -93137 16160.5 71738.9 2.26618 -1.9323 -1.29099
1971-11-11T15:42:55 -84760.5 9017.96 66966.9 2.26651 -1.93265 -1.29122
1971-11-11T15:59:43 -82475.9 7069.85 65665.4 2.26651 -1.93265 -1.29122
1971-11-11T16:44:31 -76383.3 1874.58 62194.4 2.2666 -1.93276 -1.29129
1971-11-11T17:46:07 -68005.2 94730.3 57421.3 2.26692 -1.93311 -1.29151
1971-11-11T18:00:07 -66101 93106.5 56336.4 2.26692 -1.93311 -1.29151
1971-11-11T18:47:43 -59626.3 87585.1 52647.6 2.26717 -1.93338 -1.29169
1971-11-11T19:14:19 -56007.9 84499.4 50586.1 2.26717 -1.93338 -1.29169
1971-11-11T19:49:19 -51246.5 80439 47873.3 2.26744 -1.93367 -1.29187
1971-11-11T20:20:07 -47056.3 76865.6 45485.9 2.26757 -1.9338 -1.29195
1971-11-11T20:50:55 -42865.8 73291.9 43098.4 2.26757 -1.9338 -1.29195
1971-11-11T21:52:31 -34484.2 66143.8 38322.9 2.26804 -1.93429 -1.29226
1971-11-11T22:54:07 -26101.5 58994.7 33546.7 2.26832 -1.93458 -1.29245
1971-11-11T23:55:43 -17717.8 51844.5 28769.8 2.26833 -1.93476 -1.29262
1971-11-11T23:56:25 -17622.5 51763.2 28715.5 2.26833 -1.93476 -1.29262
1971-11-12T04:02:07 -84171.5 23232.3 9654.97 2.26995 -1.93618 -1.29347
1971-11-12T05:03:43 -75781.8 16076.2 4874.3 2.27032 -1.93654 -1.2937
1971-11-12T06:05:19 -67390.7 8918.75 92.78 2.27072 -1.93691 25.7623
1971-11-12T07:06:55 -58998.1 1759.92 95310.4 2.27113 25.119 -1.29419
1971-11-12T08:08:31 -50604 94599.6 90527.1 2.27153 -1.93768 -1.29443
1971-11-12T09:10:07 -42208.4 87438 85742.8 2.27203 -1.93814 -1.29472
1971-11-12T10:11:43 -33811 80274.6 80957.5 2.27251 -1.93858 -1.29501
1971-11-12T11:13:19 -25411.8 73109.6 76171.2 2.27303 -1.93905 -1.29531
1971-11-12T12:14:55 -17010.7 65942.9 71383.7 2.27349 -1.93947 -1.29558
1971-11-12T12:59:43 -10899.5 60729.6 67901.2 2.27379 -1.93973 -1.29574
1971-11-12T13:16:31 -8607.55 58774.3 66595.1 2.27379 -1.93973 -1.29574
1971-11-12T13:59:55 -2685.93 53722.6 63220.6 2.27437 -1.94027 -1.29608
1971-11-12T14:18:07 -202.32 51603.9 61805.2 2.27437 -1.94027 -1.29608
1971-11-12T15:00:07 -94470.2 46713.8 58538.7 2.27499 -1.94082 -1.29644
1971-11-12T15:19:43 -91794.8 44431.4 57014.1 2.27499 -1.94082 -1.29644
1971-11-12T16:21:19 -83385 37256.8 52221.6 2.27608 -1.94179 -1.29706
1971-11-12T17:22:55 -74972.6 30079.9 47427.7 2.27682 -1.94244 -1.29747
1971-11-12T18:24:31 -66557.4 22900.7 42632.3 2.27761 -1.94312 -1.29791
1971-11-12T19:26:07 -58139.4 15718.9 37835.2 2.27825 -1.94369 -1.29826
1971-11-12T19:59:43 -53546.4 11800.4 35217.9 2.27867 -1.94405 -1.29849
1971-11-12T20:27:43 -49718.3 8534.44 33036.4 2.27867 -1.94405 -1.29849
1971-11-12T21:09:43 -43974.8 3634.33 29763.5 2.27969 -1.94493 -1.29906
1971-11-12T21:29:19 -41293.8 1347.09 28235.8 2.27969 -1.94493 -1.29906
1971-11-12T22:30:55 -32865.8 94156.7 23433.3 2.28105 -1.94611 -1.2998
1971-11-12T23:00:19 -28842 90723.7 21140.4 2.28105 -1.94611 -1.2998
1971-11-12T23:32:31 -24434 86962.9 18628.6 2.2816 -1.94658 -1.3001
1971-11-13T00:34:07 -15998 79765.7 13821.7 2.28368 -1.94835 -1.30122
1971-11-13T01:35:43 -7557.5 72564.5 9012.42 -24.7713 -1.94948 -1.30193
1971-11-13T02:37:19 -99112.1 65359.3 4200.49 2.28645 -1.9507 25.7536
1971-11-13T03:38:55 -90661.4 58149.5 99385.7 2.28741 -1.9515 -1.3032
1971-11-13T03:54:19 -88547.8 56346.3 98181.6 2.28741 -1.9515 -1.3032
1971-11-13T08:30:07 -50622.7 23991.5 76577.9 2.29707 -1.95959 -1.30825
1971-11-13T08:39:55 -49272 22839.3 75808.6 2.29719 -1.95967 -1.30826
1971-11-13T08:46:55 -48307.2 22016.2 75259.2 2.29762 -1.96 -1.30845
1971-11-13T08:48:19 -48114.2 21851.6 75149.2 2.29762 -1.96 -1.30845
1971-11-13T10:50:07 -31303 7510.88 65576.4 2.30369 -1.965 -1.31155
1971-11-13T10:51:31 -31109.5 7345.82 65466.2 2.30369 -1.965 -1.31155
1971-11-13T11:15:19 -27819 4539.09 63592.9 2.30423 -1.9655 -1.31185
1971-11-13T12:25:19 -18129 96273.9 58077 2.31368 -1.97337 -1.31681
1971-11-13T12:35:06 -16770.8 95115.5 57304 2.31368 -1.97337 -1.31681
1971-11-13T12:53:18 -14247.4 92963.3 55867.9 2.31167 -1.97155 -1.3156
1971-11-13T12:54:42 -14053.2 92797.7 55757.4 2.31179 -1.97167 -1.3156
1971-11-13T12:56:06 -13859 92632.1 55646.9 2.31179 -1.97167 -1.3156
1971-11-13T13:00:18 -13276.5 92135.3 55315.4 2.31151 -1.97147 -1.31544
1971-11-13T14:56:30 -97122.6 78359.3 46125.6 2.32274 -1.98048 -1.32083
1971-11-13T14:57:54 -96927.5 78192.9 46014.6 2.32274 -1.98071 -1.32083
1971-11-13T14:59:18 -96732.4 78026.6 45903.7 2.32298 -1.98071 -1.32107
1971-11-13T15:00:42 -96537.3 77860.2 45792.7 2.32179 -1.97976 -1.32024
1971-11-13T15:02:06 -96342.3 77693.9 45681.8 2.32179 -1.97976 -1.32024
1971-11-13T15:10:30 -95171.1 76695.3 45015.8 2.32365 -1.98131 -1.32133
1971-11-13T16:30:18 -84020.8 67188.9 38677.8 2.33626 -1.99145 -1.32719
1971-11-13T16:59:42 -79899.7 63676 36336.6 2.33857 -1.99333 -1.32833
1971-11-13T17:00:24 -79801.4 63592.2 36280.8 2.33881 -1.99381 -1.32833
1971-11-13T17:01:06 -79703.2 63508.5 36225.1 2.33905 -1.99333 -1.32857
1971-11-13T17:01:48 -79605 63424.8 36169.2 2.33905 -1.99381 -1.32857
1971-11-13T17:02:30 -79506.7 63341.1 36113.4 2.33905 -1.99381 -1.32833
1971-11-13T17:03:12 -79408.5 63257.3 36057.7 2.33952 -1.99405 -1.32881
1971-11-13T17:03:54 -79310.2 63173.6 36001.8 2.33929 -1.99381 -1.32857
1971-11-13T17:04:36 -79212 63089.8 35946.1 2.3369 -1.99167 -1.32714
1971-11-13T17:05:18 -79113.8 63006.2 35890.3 2.33952 -1.99405 -1.32857
1971-11-13T17:06:00 -79015.6 62922.4 35834.5 2.33976 -1.99429 -1.32881
