1972-06-08T21:10:06 -2929.61 -2020.79 -3746.55 2.2319 -2.83262 0.385476
1972-06-08T21:18:30 -1691.9 -3340.64 -3390.8 2.65393 -2.32952 1.04583
1972-06-08T21:19:54 -1468.97 -3536.32 -3302.95 2.65393 -2.32952 1.04583
1972-06-08T21:22:42 -1013.32 -3902.52 -3104.35 2.75095 -2.04905 1.29048
1972-06-08T21:23:24 -897.78 -3988.58 -3050.15 2.75095 -2.04905 1.29048
1972-06-08T21:52:48 3749.63 -5597.85 175.14 2.26524 0.0354762 2.03429
1972-06-08T21:53:30 3844.77 -5596.36 260.58 2.26524 0.0354762 2.03429
1972-06-08T22:04:00 5161.76 -5429.69 1525.59 1.92 0.462619 1.9681
1972-06-08T22:04:42 5242.4 -5410.26 1608.25 1.92 0.462619 1.9681
1972-06-08T22:06:48 5479.13 -5346.69 1854.59 1.83857 0.544762 1.94167
1972-06-08T22:07:30 5556.35 -5323.81 1936.14 1.83857 0.544762 1.94167
1972-06-08T22:11:00 5929.94 -5197.79 2339.37 1.69262 0.676488 1.88625
1972-06-08T22:13:48 6214.3 -5084.14 2656.26 1.64595 0.715238 1.8669
1972-06-08T22:14:30 6283.43 -5054.1 2734.67 1.64595 0.715238 1.8669
1972-06-09T09:26:30 -291.69 -4403.53 -2735.33 2.8006 -1.67595 1.54643
1972-06-09T09:27:54 -56.44 -4544.31 -2605.43 2.8006 -1.67595 1.54643
1972-06-09T09:30:42 413.95 -4797.19 -2329.62 2.79119 -1.36357 1.71333
1972-06-09T09:31:24 531.18 -4854.46 -2257.66 2.79119 -1.36357 1.71333
1972-06-09T09:43:18 2449.82 -5486.9 -908.56 2.52833 -0.428095 2.00536
1972-06-09T09:44:42 2662.2 -5522.86 -740.11 2.4875 -0.343571 2.01667
1972-06-09T09:46:06 2871.15 -5551.72 -570.71 2.45643 -0.282619 2.0231
1972-06-09T09:46:48 2974.32 -5563.59 -485.74 2.45643 -0.282619 2.0231
1972-06-09T10:03:36 5176.96 -5430.08 1545.56 1.9169 0.467143 1.96476
1972-06-09T10:04:18 5257.47 -5410.46 1628.08 1.9169 0.467143 1.96476
1972-06-09T10:06:24 5493.84 -5346.39 1873.99 1.83452 0.547857 1.9369
1972-06-09T10:07:06 5570.89 -5323.38 1955.34 1.83452 0.547857 1.9369
1972-06-09T10:10:36 5943.94 -5196.63 2357.82 1.69024 0.679405 1.88256
1972-06-09T10:13:24 6227.9 -5082.49 2674.09 1.64381 0.718095 1.8631
1972-06-09T10:14:06 6296.94 -5052.33 2752.34 1.64381 0.718095 1.8631
1972-06-11T21:12:33 -2335.05 -2736.28 -3577.99 2.47357 -2.61476 0.746667
1972-06-11T21:13:15 -2231.16 -2846.1 -3546.63 2.47357 -2.61476 0.746667
1972-06-11T21:16:03 -1803.19 -3268.16 -3400.68 2.62607 -2.37845 1.0125
1972-06-11T21:17:27 -1582.6 -3467.95 -3315.63 2.62607 -2.37845 1.0125
1972-06-11T21:20:15 -1130.82 -3842.77 -3122.48 2.73238 -2.10143 1.25952
1972-06-11T21:20:57 -1016.06 -3931.03 -3069.58 2.73238 -2.10143 1.25952
1972-06-11T21:23:45 -551.91 -4261.27 -2840.85 2.78524 -1.8269 1.45833
1972-06-11T21:24:27 -434.93 -4338 -2779.6 2.78524 -1.8269 1.45833
1972-06-11T22:01:33 5073.69 -5470.95 1472.11 1.94429 0.44119 1.96429
1972-06-11T22:02:15 5155.35 -5452.42 1554.61 1.94429 0.44119 1.96429
1972-06-11T22:04:21 5395.16 -5391.41 1800.52 1.86286 0.525 1.93833
1972-06-11T22:05:03 5473.4 -5369.36 1881.93 1.86286 0.525 1.93833
1972-06-11T22:08:33 5852.12 -5247.14 2284.53 1.71685 0.660238 1.88363
1972-06-11T22:11:21 6140.55 -5136.22 2600.98 1.67024 0.7 1.86429
1972-06-11T22:12:03 6210.7 -5106.82 2679.28 1.67024 0.7 1.86429
1972-06-12T09:14:15 -2078.3 -3007.27 -3492.36 2.55929 -2.4931 0.892857
1972-06-12T09:15:39 -1863.32 -3216.69 -3417.36 2.55929 -2.4931 0.892857
1972-06-12T09:18:27 -1420.61 -3612.57 -3243.44 2.68857 -2.23405 1.15
1972-06-12T09:19:09 -1307.69 -3706.4 -3195.14 2.68857 -2.23405 1.15
1972-06-12T09:31:03 672.76 -4949.47 -2126.71 2.7675 -1.20607 1.78476
1972-06-12T09:32:27 905.23 -5050.78 -1976.79 2.74786 -1.09679 1.82762
1972-06-12T09:33:51 1136.05 -5142.91 -1823.27 2.73071 -1.01595 1.85667
1972-06-12T09:34:33 1250.74 -5185.58 -1745.29 2.73071 -1.01595 1.85667
1972-06-12T10:01:09 5028.2 -5483.45 1431.38 1.95524 0.429286 1.96476
1972-06-12T10:01:51 5110.32 -5465.42 1513.9 1.95524 0.429286 1.96476
1972-06-12T10:03:57 5351.65 -5405.8 1760.01 1.87476 0.514524 1.94048
1972-06-12T10:04:39 5430.39 -5384.19 1841.51 1.87476 0.514524 1.94048
1972-06-12T10:08:09 5811.57 -5263.99 2244.54 1.72821 0.651607 1.88589
1972-06-12T10:10:57 6101.91 -5154.52 2561.37 1.68143 0.691905 1.86667
1972-06-12T10:11:39 6172.53 -5125.46 2639.77 1.68143 0.691905 1.86667
1972-06-15T21:07:59 -3080.01 -1877.67 -3724.65 2.28452 -2.79516 0.514841
1972-06-15T21:12:11 -2504.31 -2582.05 -3594.91 2.41048 -2.68238 0.686667
1972-06-15T21:12:53 -2403.07 -2694.71 -3566.07 2.41048 -2.68238 0.686667
1972-06-15T21:17:05 -1768.36 -3335.57 -3350.07 2.6256 -2.36464 1.0475
1972-06-15T21:18:29 -1547.81 -3534.2 -3262.08 2.6256 -2.36464 1.0475
1972-06-15T21:21:17 -1096.36 -3906.25 -3063.43 2.72881 -2.0831 1.28976
1972-06-15T21:21:59 -981.75 -3993.74 -3009.26 2.72881 -2.0831 1.28976
1972-06-15T21:31:05 534.73 -4916.73 -2166.51 2.76976 -1.265 1.765
1972-06-15T21:32:29 767.39 -5022.99 -2018.25 2.76976 -1.265 1.765
1972-06-15T21:35:17 1228.08 -5207.8 -1710.95 2.71333 -0.965952 1.87571
1972-06-15T21:35:59 1342.04 -5248.37 -1632.17 2.71333 -0.965952 1.87571
1972-06-15T22:03:59 5249.98 -5452.56 1705.5 1.89952 0.492619 1.93952
1972-06-15T22:04:41 5329.76 -5431.87 1786.96 1.89952 0.492619 1.93952
1972-06-15T22:06:47 5564.06 -5364.74 2029.6 1.82024 0.57119 1.91167
1972-06-15T22:07:29 5640.51 -5340.75 2109.89 1.82024 0.57119 1.91167
1972-06-15T22:12:23 6153.1 -5152.26 2663.04 1.66929 0.705952 1.85048
1972-06-15T22:13:05 6223.21 -5122.61 2740.76 1.66929 0.705952 1.85048
1972-06-15T22:15:11 6428.98 -5029.98 2971.91 1.6331 0.735159 1.83452
1972-06-15T22:39:41 8384.25 -3651 5435.51 1.33012 0.938082 1.67592
1972-06-16T09:20:53 -1167.62 -3855.37 -3090.79 2.72619 -2.08929 1.28667
1972-06-16T09:22:17 -938.62 -4030.87 -2982.71 2.74619 -2.00786 1.3481
1972-06-16T09:22:59 -823.28 -4115.2 -2926.09 2.74619 -2.00786 1.3481
1972-06-16T09:26:29 -241.03 -4501.51 -2619.23 2.77262 -1.83957 1.46124
1972-06-16T10:03:35 5198.56 -5467.89 1660.11 1.91238 0.480238 1.94238
1972-06-16T10:04:17 5278.88 -5447.72 1741.69 1.91238 0.480238 1.94238
1972-06-16T10:06:23 5514.78 -5382.1 1984.7 1.83262 0.56 1.91476
1972-06-16T10:07:05 5591.75 -5358.58 2065.12 1.83262 0.56 1.91476
1972-06-16T10:11:59 6107.98 -5173.06 2619.28 1.68 0.696429 1.8531
1972-06-16T10:12:41 6178.54 -5143.81 2697.11 1.68 0.696429 1.8531
1972-06-16T10:14:47 6385.79 -5052.27 2928.7 1.64484 0.726508 1.83802
1972-06-18T21:06:57 -3055.3 -1926.82 -3706.23 2.31878 -2.7611 0.59247
1972-06-18T21:12:33 -2276.19 -2854.55 -3507.16 2.4731 -2.60214 0.812381
1972-06-18T21:13:15 -2172.32 -2963.84 -3473.04 2.4731 -2.60214 0.812381
1972-06-18T21:24:27 -381.1 -4438.41 -2668.79 2.77798 -1.70714 1.55238
1972-06-18T21:25:51 -147.75 -4581.81 -2538.39 2.77798 -1.70714 1.55238
1972-06-18T21:28:39 319.4 -4839.72 -2262.01 2.77476 -1.39238 1.71476
1972-06-18T21:29:21 435.94 -4898.2 -2189.99 2.77476 -1.39238 1.71476
1972-06-18T21:32:51 1014.45 -5155.36 -1815.03 2.72131 -1.03345 1.85643
1972-06-18T21:34:15 1243.04 -5242.17 -1659.09 2.72131 -1.03345 1.85643
1972-06-18T21:37:03 1693.59 -5389.48 -1339.24 2.645 -0.750952 1.93738
1972-06-18T21:37:45 1804.68 -5421.02 -1257.87 2.645 -0.750952 1.93738
1972-06-18T22:02:57 5251.86 -5474.91 1752.78 1.89619 0.495238 1.93167
1972-06-18T22:03:39 5331.5 -5454.11 1833.91 1.89619 0.495238 1.93167
1972-06-18T22:05:45 5565.43 -5386.69 2075.53 1.81667 0.573095 1.90238
1972-06-18T22:06:27 5641.73 -5362.62 2155.43 1.81667 0.573095 1.90238
1972-06-18T22:11:21 6153.85 -5173.62 2706.11 1.6681 0.707381 1.84167
1972-06-18T22:12:03 6223.91 -5143.91 2783.46 1.6681 0.707381 1.84167
1972-06-18T22:14:09 6429.59 -5051.14 3013.49 1.63238 0.73627 1.82563
1972-06-19T04:06:15 5263.47 14732.7 12372.1 -0.376589 -0.976994 -0.844479
1972-06-19T09:15:39 -1727.52 -3404.2 -3304.83 2.62369 -2.34833 1.08226
1972-06-19T09:17:03 -1507.13 -3601.46 -3213.92 2.65595 -2.27381 1.14976
1972-06-19T09:17:45 -1395.58 -3696.96 -3165.63 2.65595 -2.27381 1.14976
1972-06-19T09:38:03 1930.79 -5459.72 -1156.95 2.73101 -1.44726 1.64916
1972-06-19T10:02:33 5262.31 -5476.61 1770 1.89357 0.498095 1.92905
1972-06-19T10:03:15 5341.84 -5455.69 1851.02 1.89357 0.498095 1.92905
1972-06-19T10:05:21 5575.44 -5387.93 2092.31 1.81524 0.575714 1.90048
1972-06-19T10:06:03 5651.68 -5363.75 2172.13 1.81524 0.575714 1.90048
1972-06-19T10:10:57 6163.07 -5174.11 2721.95 1.66595 0.709048 1.83881
1972-06-19T10:11:39 6233.04 -5144.33 2799.18 1.66595 0.709048 1.83881
1972-06-19T10:13:45 6438.47 -5051.32 3028.84 1.6304 0.738175 1.8227
1972-06-22T21:10:01 -1643.62 -3520.25 -3235.92 2.63131 -2.30917 1.13214
1972-06-22T21:11:25 -1422.59 -3714.22 -3140.82 2.63131 -2.30917 1.13214
1972-06-22T21:14:13 -971.15 -4075.96 -2929.04 2.72381 -2.01786 1.3619
1972-06-22T21:14:55 -856.75 -4160.71 -2871.84 2.72381 -2.01786 1.3619
1972-06-22T21:21:13 186.53 -4816.63 -2290.55 2.76643 -1.42107 1.70345
1972-06-22T21:22:37 418.91 -4936 -2147.46 2.76643 -1.42107 1.70345
1972-06-22T21:25:25 880.78 -5146.41 -1849.36 2.72881 -1.11476 1.82667
1972-06-22T21:26:07 995.39 -5193.23 -1772.64 2.72881 -1.11476 1.82667
1972-06-22T21:55:31 5150.2 -5539.34 1696.38 1.9219 0.46881 1.925
1972-06-22T21:56:13 5230.92 -5519.65 1777.23 1.9219 0.46881 1.925
1972-06-22T21:58:19 5468.14 -5455.42 2018.03 1.84381 0.54881 1.89714
1972-06-22T21:59:01 5545.58 -5432.37 2097.71 1.84381 0.54881 1.89714
1972-06-22T22:03:55 6065.48 -5249.99 2646.64 1.69476 0.686429 1.83619
1972-06-22T22:04:37 6136.66 -5221.16 2723.76 1.69476 0.686429 1.83619
1972-06-22T22:08:07 6481.4 -5067.73 3104.29 1.64162 0.730619 1.81205
1972-06-23T00:10:37 11289.7 3327.38 11594.7 0.654193 1.14219 1.15516
1972-06-23T09:05:25 -2177.03 -3007.38 -3435.1 2.5044 -2.5431 0.904762
1972-06-23T09:06:49 -1966.66 -3221 -3359.1 2.54595 -2.47667 0.975476
1972-06-23T09:07:31 -1859.73 -3325.02 -3318.13 2.54595 -2.47667 0.975476
1972-06-23T09:22:13 534.65 -4998.26 -2067.82 2.74893 -1.25143 1.77524
1972-06-23T09:23:37 765.56 -5103.38 -1918.7 2.74893 -1.25143 1.77524
1972-06-23T09:26:25 1222.86 -5286.1 -1610.44 2.69381 -0.954524 1.87762
1972-06-23T09:27:07 1336 -5326.19 -1531.58 2.69381 -0.954524 1.87762
1972-06-23T09:53:43 5067.68 -5564.32 1619 1.94262 0.446905 1.92905
1972-06-23T09:54:25 5149.27 -5545.55 1700.02 1.94262 0.446905 1.92905
1972-06-23T09:56:31 5389.04 -5483.98 1941.42 1.86405 0.529048 1.9019
1972-06-23T09:57:13 5467.33 -5461.76 2021.3 1.86405 0.529048 1.9019
1972-06-23T10:02:07 5992.96 -5284.73 2571.79 1.71405 0.67 1.8419
1972-06-23T10:02:49 6064.95 -5256.59 2649.15 1.71405 0.67 1.8419
1972-06-23T10:04:55 6276.38 -5168.31 2879.23 1.67802 0.700635 1.82603
1972-06-25T21:10:25 -534.72 -4424.1 -2661.5 2.75714 -1.7681 1.52298
1972-06-25T21:11:49 -303.12 -4572.62 -2533.57 2.75714 -1.7681 1.52298
1972-06-25T21:14:37 161.49 -4840.78 -2262.12 2.76429 -1.4531 1.68548
1972-06-25T21:15:19 277.59 -4901.81 -2191.33 2.76429 -1.4531 1.68548
1972-06-25T21:18:49 855.04 -5171.52 -1822.42 2.72214 -1.09179 1.8281
1972-06-25T21:20:13 1083.7 -5263.23 -1668.86 2.72214 -1.09179 1.8281
1972-06-25T21:23:01 1535.14 -5420.08 -1353.66 2.65381 -0.806429 1.91024
1972-06-25T21:23:43 1646.6 -5453.95 -1273.43 2.65381 -0.806429 1.91024
1972-06-25T21:48:55 5132.55 -5573.08 1701.75 1.9319 0.463571 1.91143
1972-06-25T21:49:37 5213.69 -5553.61 1782.03 1.9319 0.463571 1.91143
1972-06-25T21:51:43 5452.19 -5490.02 2021.13 1.85429 0.544048 1.88357
1972-06-25T21:52:25 5530.07 -5467.17 2100.24 1.85429 0.544048 1.88357
1972-06-25T21:57:19 6053.19 -5286.25 2645.22 1.70643 0.681667 1.8231
1972-06-25T21:58:01 6124.86 -5257.62 2721.79 1.70643 0.681667 1.8231
1972-06-26T08:46:55 -3748.15 -959.6 -3733.73 2.25104 -2.76342 0.591284
1972-06-26T09:03:01 -1573.65 -3629.06 -3162.55 2.65821 -2.21923 1.215
1972-06-26T09:05:49 -1127.07 -4001.89 -2958.43 2.70738 -2.05857 1.33726
1972-06-26T09:07:13 -899.65 -4174.81 -2846.1 2.72619 -1.97548 1.39476
1972-06-26T09:07:55 -785.15 -4257.78 -2787.52 2.72619 -1.97548 1.39476
1972-06-26T09:12:49 24.77 -4771.76 -2337.12 2.76476 -1.49083 1.66786
1972-06-26T09:14:13 257.01 -4896.99 -2197.02 2.76476 -1.49083 1.66786
1972-06-26T09:26:49 2281.93 -5616.33 -791.53 2.54071 -0.486429 1.96905
1972-06-26T09:27:31 2388.64 -5636.76 -708.83 2.54071 -0.486429 1.96905
1972-06-26T09:47:07 5035.79 -5599.89 1610.89 1.95595 0.438333 1.91667
1972-06-26T09:47:49 5117.94 -5581.48 1691.39 1.95595 0.438333 1.91667
1972-06-26T09:49:55 5359.43 -5520.95 1931.22 1.87786 0.520952 1.88976
1972-06-26T09:50:37 5438.3 -5499.07 2010.59 1.87786 0.520952 1.88976
1972-06-26T09:55:31 5968.19 -5324.28 2557.54 1.72881 0.662619 1.83
1972-06-26T09:56:13 6040.8 -5296.45 2634.4 1.72881 0.662619 1.83
1972-06-26T09:58:19 6254.07 -5209.06 2862.95 1.69262 0.693571 1.81389
1972-06-29T20:50:25 -2781.46 -2395.95 -3550.02 2.29643 -2.78095 0.646786
1972-06-29T20:51:49 -2588.56 -2629.55 -3495.69 2.29643 -2.78095 0.646786
1972-06-29T21:00:13 -1321.46 -3885.03 -3004.78 2.6775 -2.14738 1.28024
1972-06-29T21:01:37 -1096.55 -4065.41 -2897.24 2.70726 -2.03798 1.35833
1972-06-29T21:03:01 -869.14 -4236.6 -2783.14 2.70726 -2.03798 1.35833
1972-06-29T21:07:13 -177.51 -4693.1 -2405.34 2.76155 -1.58226 1.62393
1972-06-29T21:08:37 54.46 -4826.01 -2268.93 2.76155 -1.58226 1.62393
1972-06-29T21:11:25 517.66 -5063.05 -1982.96 2.75714 -1.41095 1.7022
1972-06-29T21:17:01 1429.83 -5426.01 -1370.04 2.71479 -1.08024 1.82417
1972-06-29T21:24:01 2518.89 -5690.67 -557.45 2.48833 -0.364048 1.9719
1972-06-29T21:25:25 2727.91 -5721.25 -391.81 2.48833 -0.364048 1.9719
1972-06-29T21:52:43 6134.55 -5288.35 2753.84 1.64463 0.73949 1.77269
1972-06-29T21:57:37 6618.07 -5070.94 3275.01 1.56893 0.799167 1.73595
1972-06-29T21:59:01 6749.86 -5003.81 3420.83 1.53655 0.823214 1.71952
1972-06-29T22:00:25 6878.93 -4934.66 3565.27 1.53655 0.823214 1.71952
1972-06-30T08:47:54 -3080.63 -2010.98 -3616.09 2.15262 -2.8969 0.470238
1972-06-30T08:48:36 -2990.22 -2132.65 -3596.34 2.1919 -2.86857 0.517857
1972-06-30T08:49:18 -2898.16 -2253.13 -3574.59 2.1919 -2.86857 0.517857
1972-06-30T08:50:42 -2709.17 -2490.24 -3525.05 2.32345 -2.75512 0.685476
1972-06-30T08:52:06 -2514 -2721.67 -3467.47 2.32345 -2.75512 0.685476
1972-06-30T08:57:00 -1788.01 -3478.46 -3203.43 2.59274 -2.3675 1.10333
1972-06-30T08:58:24 -1570.22 -3677.33 -3110.75 2.62619 -2.29167 1.16833
1972-06-30T08:59:06 -1459.92 -3773.58 -3061.68 2.62619 -2.29167 1.16833
1972-06-30T09:30:36 3507.1 -5781.9 259.48 2.21302 0.118071 1.96312
1972-06-30T09:37:36 4436.57 -5732.31 1083.99 2.21302 0.118071 1.96312
1972-06-30T09:52:18 6117.52 -5298.1 2739.45 1.66662 0.722429 1.78062
1972-06-30T09:55:48 6467.51 -5146.39 3113.38 1.60726 0.770833 1.7525
1972-06-30T09:57:12 6602.52 -5081.64 3260.59 1.57405 0.79631 1.73607
1972-06-30T09:58:36 6734.74 -5014.75 3406.42 1.54143 0.820476 1.71952
1972-06-30T10:00:00 6864.22 -4945.83 3550.86 1.50964 0.843571 1.7031
1972-06-30T10:01:24 6991.03 -4874.97 3693.92 1.50964 0.843571 1.7031
1972-07-07T08:59:04 -1506.82 -3806.47 -2996.28 2.69333 -2.03 1.37418
1972-07-07T09:05:22 -488.74 -4573.81 -2476.84 2.74798 -1.71702 1.56167
1972-07-07T09:06:46 -257.91 -4718.04 -2345.66 2.75333 -1.63024 1.60548
1972-07-07T09:07:28 -142.27 -4786.51 -2278.23 2.75333 -1.63024 1.60548
1972-07-07T09:10:58 435.81 -5092.6 -1924.84 2.74048 -1.2594 1.76167
1972-07-07T09:12:22 666.01 -5198.39 -1776.86 2.72643 -1.14893 1.79952
1972-07-07T09:13:46 895.03 -5294.9 -1625.7 2.7131 -1.06762 1.82476
1972-07-07T09:14:28 1008.98 -5339.74 -1549.06 2.7131 -1.06762 1.82476
1972-07-09T20:57:45 -1304.79 -4003.34 -2874.03 2.72051 -1.80908 1.50841
1972-07-09T21:06:51 180.61 -4991.1 -2050.44 2.74571 -1.4069 1.70762
1972-07-09T21:07:33 295.93 -5050.19 -1978.72 2.74571 -1.4069 1.70762
1972-07-09T21:08:57 526.12 -5161.25 -1832.54 2.72881 -1.21048 1.77988
1972-07-09T21:10:21 755.34 -5262.93 -1683.03 2.72881 -1.21048 1.77988
1972-07-09T22:37:09 9631.19 -2526.19 7049.31 0.840476 1.17595 1.23107
1972-07-09T22:38:33 9701.79 -2427.41 7152.72 0.821667 1.1806 1.21726
1972-07-09T22:39:57 9770.81 -2328.24 7254.97 0.821667 1.1806 1.21726
1972-07-09T23:56:15 11685.3 3215.94 11322.6 0.10119 1.17893 0.605595
1972-07-09T23:57:39 11693.8 3314.97 11373.5 0.10119 1.17893 0.605595
1972-07-10T08:39:09 -3725.74 -1106.12 -3642.94 2.10999 -2.90109 0.511682
1972-07-10T08:50:21 -2307.83 -3055.65 -3299.09 2.47345 -2.54851 0.975298
1972-07-10T08:53:09 -1892.29 -3483.8 -3135.24 2.5431 -2.43071 1.08643
1972-07-10T08:53:51 -1785.48 -3585.89 -3089.61 2.5431 -2.43071 1.08643
1972-07-10T09:07:09 365.11 -5090.01 -1928.3 2.73607 -1.28726 1.7531
1972-07-10T09:08:33 594.94 -5198.14 -1781.04 2.72738 -1.20381 1.78214
1972-07-10T09:09:15 709.49 -5248.7 -1706.19 2.72738 -1.20381 1.78214
1972-07-10T10:38:09 9725.54 -2403.32 7182.43 0.817619 1.18179 1.21167
1972-07-10T10:39:33 9794.22 -2304.05 7284.21 0.799167 1.18607 1.19786
1972-07-10T10:40:57 9861.35 -2204.42 7384.83 0.78119 1.19024 1.1844
1972-07-10T10:42:21 9926.97 -2104.44 7484.32 0.78119 1.19024 1.1844
1972-07-10T11:46:03 11617 2541.44 10956 0.16619 1.195 0.665357
1972-07-10T11:47:27 11631 2641.82 11011.9 0.16619 1.195 0.665357
1972-08-03T20:25:02 -1664.24 -3962.21 -2746.37 2.56238 -2.2644 1.2931
1972-08-03T20:26:26 -1449 -4152.42 -2637.75 2.56238 -2.2644 1.2931
1972-08-03T20:29:14 -1009.31 -4504.71 -2403.12 2.65333 -1.95405 1.47619
1972-08-03T20:29:56 -897.87 -4586.78 -2341.12 2.65333 -1.95405 1.47619
1972-08-03T20:34:08 -221.44 -5028.12 -1944.85 2.70143 -1.54881 1.65762
1972-08-03T20:34:50 -107.98 -5093.17 -1875.23 2.70143 -1.54881 1.65762
1972-08-03T22:21:14 10511.4 -1790.1 7930.91 0.742024 1.19845 1.02405
1972-08-03T22:22:38 10573.7 -1689.43 8016.93 0.725952 1.20107 1.01202
1972-08-03T22:24:02 10634.7 -1588.54 8101.94 0.710357 1.20321 0.999881
1972-08-03T22:25:26 10694.4 -1487.47 8185.93 0.710357 1.20321 0.999881
1972-08-03T22:57:38 11739.8 860.83 9859.9 0.298177 1.20362 0.664442
1972-08-03T23:22:08 12178.1 2630.15 10836.6 0.203095 1.18738 0.58119
1972-08-03T23:23:32 12195.2 2729.89 10885.5 0.193333 1.18536 0.572738
1972-08-03T23:24:56 12211.4 2829.46 10933.6 0.193333 1.18536 0.572738
1972-08-03T23:39:38 12335 3862.82 11396.1 0.0844643 1.15542 0.473452
1972-08-03T23:42:26 12349.2 4056.93 11475.7 0.0844643 1.15542 0.473452
1972-08-03T23:59:14 12375.8 5200.97 11898.1 0.0264385 1.13496 0.419107
1972-08-04T08:23:14 -1787.12 -3853.87 -2799.9 2.54714 -2.29913 1.2704
1972-08-04T08:25:20 -1466.18 -4143.56 -2639.83 2.60579 -2.13325 1.37611
1972-08-04T08:27:26 -1137.85 -4412.35 -2466.44 2.64429 -1.99107 1.45702
1972-08-04T08:28:50 -915.73 -4579.6 -2344.05 2.66726 -1.8756 1.51607
1972-08-04T08:30:14 -691.68 -4737.15 -2216.7 2.68095 -1.78857 1.55738
1972-08-04T08:30:56 -579.08 -4812.27 -2151.29 2.68786 -1.73048 1.58357
1972-08-04T08:31:38 -466.19 -4884.95 -2084.78 2.68786 -1.73048 1.58357
1972-08-04T10:23:38 10666.8 -1554.03 8132.56 0.628344 1.21192 0.933406
1972-08-04T10:39:44 11273.8 -383.32 9034.23 0.628344 1.21192 0.933406
1972-08-04T11:58:50 12392.6 5231.4 11900.8 0.235723 1.18304 0.603991
1972-08-06T08:22:19 -1448.93 -4180.86 -2602.83 2.58976 -2.17643 1.35357
1972-08-06T08:23:01 -1340.16 -4272.27 -2545.98 2.58976 -2.17643 1.35357
1972-08-06T08:24:25 -1120.47 -4447.99 -2428.08 2.63786 -2.00619 1.45095
1972-08-06T08:25:07 -1009.68 -4532.25 -2367.14 2.63786 -2.00619 1.45095
1972-10-12T07:31:22 -297.99 -5610.26 -920.44 2.62135 -1.25829 1.6929
1972-10-12T07:35:34 362.59 -5927.35 -493.83 2.62135 -1.25829 1.6929
1972-10-12T07:41:10 1235.2 -6232.96 83.99 2.55988 -0.682381 1.72202
1972-10-12T07:42:34 1450.23 -6290.28 228.64 2.55988 -0.682381 1.72202
1972-10-12T07:44:40 1769.66 -6363.14 445.09 2.53516 -0.578254 1.71786
1972-10-12T07:55:10 3297.94 -6521.69 1504.61 2.42584 -0.251667 1.68178
1972-10-12T08:42:46 8584.14 -4828.89 5451.82 1.4144 0.964762 1.12071
1972-10-12T08:44:10 8702.95 -4747.85 5545.96 1.3931 0.976548 1.10702
1972-10-12T08:45:34 8819.97 -4665.82 5638.95 1.3719 0.9875 1.09357
1972-10-12T08:46:58 8935.21 -4582.87 5730.81 1.35119 0.998333 1.08012
1972-10-12T08:48:22 9048.71 -4499.01 5821.54 1.35119 0.998333 1.08012
1972-10-12T08:57:28 9745.46 -3934.67 6384.81 1.2761 1.03359 1.03163
1972-10-12T12:41:28 13370.5 10542.8 10771.1 0.269722 1.07719 0.326359
1972-10-12T19:42:09 1415.62 -6284.75 212.93 2.51622 -0.511769 1.71197
1972-10-12T19:47:03 2155.39 -6435.21 716.25 2.51622 -0.511769 1.71197
1972-10-12T20:25:33 6986.48 -5720.43 4214.67 1.61335 0.83683 1.24283
1972-10-12T20:36:45 8070.65 -5158.08 5049.85 1.47363 0.930327 1.15589
1972-10-12T20:42:21 8565.79 -4845.49 5438.23 1.41881 0.962381 1.12107
1972-10-12T20:43:45 8684.97 -4764.65 5532.4 1.39726 0.974048 1.1075
1972-10-12T20:45:09 8802.34 -4682.83 5625.43 1.37655 0.985595 1.09429
1972-10-12T20:46:33 8917.97 -4600.04 5717.35 1.35548 0.996071 1.0806
1972-10-12T20:47:57 9031.83 -4516.37 5808.12 1.35548 0.996071 1.0806
1972-10-12T20:52:51 9416.89 -4216.97 6117.17 1.24102 1.04922 1.00656
1972-10-12T20:57:45 9781.75 -3908.5 6413.1 1.2031 1.06476 0.981667
1972-10-12T20:58:27 9832.28 -3863.78 6454.33 1.2031 1.06476 0.981667
1972-10-12T21:11:45 10720.7 -2988.45 7190.38 1.02738 1.12381 0.865
1972-10-12T21:12:27 10763.8 -2941.25 7226.71 1.02738 1.12381 0.865
1972-10-12T22:11:57 13340.4 1233.25 9565.31 0.721711 1.16933 0.65507
1972-10-12T23:12:09 14252.2 5342.06 10721.1 0.0586508 1.08294 0.176429
1972-10-12T23:14:15 14259.6 5478.51 10743.3 0.0586508 1.08294 0.176429
1972-10-16T07:37:56 1361.05 -6297.16 232.63 2.54714 -0.646905 1.71357
1972-10-16T07:38:38 1468.03 -6324.33 304.6 2.54714 -0.646905 1.71357
1972-10-16T07:44:56 2410.74 -6494.73 946.68 2.4079 -0.204143 1.66648
1972-10-16T07:48:26 2916.4 -6537.6 1296.64 2.4079 -0.204143 1.66648
1972-10-16T08:37:26 8477.65 -4938.83 5381.92 1.44095 0.94869 1.11952
1972-10-16T08:38:50 8598.69 -4859.14 5475.96 1.41952 0.960714 1.10595
1972-10-16T08:40:14 8717.93 -4778.44 5568.86 1.39857 0.9725 1.0925
1972-10-16T08:41:38 8835.41 -4696.75 5660.63 1.39857 0.9725 1.0925
1972-10-16T10:49:02 14176.3 4011.01 10403.8 0.0925185 1.09138 0.189714
1972-10-16T11:20:32 14351.1 6073.72 10762.3 -0.00996599 1.05214 0.113299
1972-10-16T11:25:26 14348.2 6383.05 10795.6 -0.00996599 1.05214 0.113299
1972-10-16T19:36:50 1334.31 -6294.22 222.66 2.54405 -0.635714 1.7119
1972-10-16T19:38:14 1548.01 -6347.62 366.46 2.52952 -0.574286 1.70857
1972-10-16T19:38:56 1654.25 -6371.74 438.22 2.52952 -0.574286 1.70857
1972-10-16T19:42:26 2178.58 -6467.87 794.98 2.45607 -0.329524 1.68476
1972-10-16T19:43:50 2384.89 -6495.55 936.5 2.45607 -0.329524 1.68476
1972-10-16T20:37:02 8524.04 -4914.43 5418.95 1.43381 0.9525 1.11262
1972-10-16T20:38:26 8644.48 -4834.42 5512.41 1.4125 0.964405 1.09905
1972-10-16T20:39:50 8763.13 -4753.41 5604.73 1.39131 0.975833 1.0856
1972-10-16T20:41:14 8880 -4671.44 5695.92 1.39131 0.975833 1.0856
1972-10-16T21:06:26 10705.8 -3071.62 7156.4 1.04262 1.11762 0.856905
1972-10-16T21:07:08 10749.6 -3024.68 7192.39 1.04262 1.11762 0.856905
1972-10-16T21:55:26 13029.4 345.01 9170.91 0.560238 1.17881 0.525714
1972-10-16T21:56:08 13053 394.52 9192.99 0.560238 1.17881 0.525714
1972-10-16T22:45:50 14160 3848.61 10358.9 0.199048 1.12524 0.266429
1972-10-16T22:46:32 14168.4 3895.87 10370.1 0.199048 1.12524 0.266429
1972-10-16T23:34:50 14330.2 7014.47 10835.5 -0.0778571 1.02048 0.0604762
1972-10-16T23:35:32 14326.9 7057.33 10838.1 -0.0778571 1.02048 0.0604762
1972-10-16T23:39:02 14308.3 7270.48 10849.1 -0.0886667 1.015 0.0524286
